1.000000e+00 1.197625e-11 1.704638e-10 -5.551115e-17 1.197625e-11 1.000000e+00 3.562503e-10 0.000000e+00 1.704638e-10 3.562503e-10 1.000000e+00 2.220446e-16
9.999996e-01 -9.035185e-04 -2.101169e-04 1.289128e-03 9.037964e-04 9.999987e-01 1.325646e-03 -1.821616e-02 2.089193e-04 -1.325834e-03 9.999991e-01 1.310643e+00
9.999985e-01 -1.646347e-03 -5.538205e-04 4.448326e-04 1.647375e-03 9.999969e-01 1.859719e-03 -4.203318e-02 5.507574e-04 -1.860627e-03 9.999981e-01 2.625299e+00
9.999939e-01 -3.413454e-03 -7.312197e-04 2.037581e-03 3.413847e-03 9.999940e-01 5.361920e-04 -6.302801e-02 7.293855e-04 -5.386841e-04 9.999996e-01 3.941730e+00
9.999932e-01 -3.635348e-03 -6.434003e-04 2.777892e-03 3.635872e-03 9.999930e-01 8.141188e-04 -8.483761e-02 6.404366e-04 -8.164517e-04 9.999995e-01 5.261017e+00
9.999922e-01 -3.925219e-03 -5.162240e-04 4.157928e-03 3.926062e-03 9.999909e-01 1.640787e-03 -1.014678e-01 5.097792e-04 -1.642800e-03 9.999985e-01 6.581638e+00
9.999848e-01 -5.504052e-03 -4.169862e-04 7.571022e-03 5.505158e-03 9.999812e-01 2.694454e-03 -1.165874e-01 4.021483e-04 -2.696707e-03 9.999963e-01 7.908775e+00
9.999864e-01 -5.184552e-03 -5.975596e-04 8.323818e-03 5.186662e-03 9.999801e-01 3.583038e-03 -1.328035e-01 5.789716e-04 -3.586087e-03 9.999934e-01 9.238962e+00
9.999889e-01 -4.630870e-03 -8.604706e-04 7.728339e-03 4.632472e-03 9.999875e-01 1.867105e-03 -1.497649e-01 8.518139e-04 -1.871070e-03 9.999979e-01 1.056963e+01
9.999977e-01 -1.900807e-03 -9.601046e-04 6.780918e-03 1.900055e-03 9.999979e-01 -7.842219e-04 -1.634547e-01 9.615936e-04 7.823964e-04 9.999992e-01 1.190426e+01
9.999986e-01 1.543588e-03 -6.218670e-04 3.419395e-03 -1.544659e-03 9.999973e-01 -1.724973e-03 -1.767480e-01 6.192031e-04 1.725931e-03 9.999983e-01 1.324208e+01
9.999920e-01 3.962554e-03 -5.304797e-04 -1.862182e-03 -3.963388e-03 9.999909e-01 -1.579139e-03 -1.959202e-01 5.242178e-04 1.581229e-03 9.999986e-01 1.458048e+01
9.999865e-01 5.189813e-03 -3.869434e-04 -5.851755e-03 -5.190150e-03 9.999861e-01 -8.728856e-04 -2.177602e-01 3.824083e-04 8.748826e-04 9.999996e-01 1.593066e+01
9.999955e-01 2.993090e-03 2.876761e-05 -4.267715e-03 -2.993137e-03 9.999939e-01 1.769063e-03 -2.364140e-01 -2.347214e-05 -1.769141e-03 9.999984e-01 1.728222e+01
9.999996e-01 -8.993856e-04 2.524904e-04 4.827890e-04 8.983692e-04 9.999916e-01 3.998216e-03 -2.537475e-01 -2.560839e-04 -3.997986e-03 9.999920e-01 1.863469e+01
9.999934e-01 -3.638641e-03 -3.959215e-05 5.006086e-03 3.638708e-03 9.999917e-01 1.831392e-03 -2.699101e-01 3.292839e-05 -1.831523e-03 9.999983e-01 1.998670e+01
9.999869e-01 -5.119262e-03 -2.320356e-04 4.134686e-03 5.119134e-03 9.999867e-01 -5.539281e-04 -2.931092e-01 2.348686e-04 5.527336e-04 9.999998e-01 2.134127e+01
9.999959e-01 -2.848774e-03 4.262615e-04 -7.654745e-04 2.849650e-03 9.999938e-01 -2.066802e-03 -3.222297e-01 -4.203707e-04 2.068008e-03 9.999978e-01 2.270575e+01
9.999992e-01 1.424853e-04 1.245425e-03 -7.369324e-03 -1.415313e-04 9.999997e-01 -7.660729e-04 -3.468119e-01 -1.245534e-03 7.658967e-04 9.999989e-01 2.407210e+01
9.999971e-01 1.440634e-03 1.942058e-03 -9.719264e-03 -1.451156e-03 9.999842e-01 5.427244e-03 -3.687424e-01 -1.934208e-03 -5.430044e-03 9.999834e-01 2.544868e+01
9.999966e-01 -1.050891e-03 2.369238e-03 -5.061181e-03 1.037930e-03 9.999845e-01 5.465290e-03 -3.871399e-01 -2.374945e-03 -5.462811e-03 9.999823e-01 2.682030e+01
9.999839e-01 -5.339007e-03 1.951315e-03 1.962273e-03 5.331392e-03 9.999782e-01 3.887907e-03 -4.099385e-01 -1.972030e-03 -3.877439e-03 9.999905e-01 2.819472e+01
9.999804e-01 -5.933229e-03 1.984892e-03 5.281593e-03 5.930623e-03 9.999815e-01 1.317193e-03 -4.328977e-01 -1.992671e-03 -1.305395e-03 9.999972e-01 2.957012e+01
9.999781e-01 -6.177289e-03 2.396696e-03 7.939024e-03 6.179643e-03 9.999804e-01 -9.754601e-04 -4.591179e-01 -2.390623e-03 9.902499e-04 9.999967e-01 3.094984e+01
9.999909e-01 -2.864263e-03 3.173275e-03 6.827076e-03 2.868672e-03 9.999949e-01 -1.385713e-03 -4.850133e-01 -3.169290e-03 1.394804e-03 9.999940e-01 3.233531e+01
9.999918e-01 -1.916604e-03 3.569832e-03 8.305167e-03 1.929098e-03 9.999920e-01 -3.499497e-03 -5.122367e-01 -3.563096e-03 3.506355e-03 9.999875e-01 3.371780e+01
9.999934e-01 -1.021449e-03 3.498427e-03 1.017340e-02 1.035312e-03 9.999916e-01 -3.963092e-03 -5.431160e-01 -3.494350e-03 3.966688e-03 9.999860e-01 3.511083e+01
9.999937e-01 -9.562966e-04 3.408962e-03 1.211940e-02 9.619574e-04 9.999981e-01 -1.659242e-03 -5.746233e-01 -3.407369e-03 1.662511e-03 9.999928e-01 3.650789e+01
9.999955e-01 -1.889567e-04 2.986144e-03 1.511478e-02 1.891381e-04 1.000000e+00 -6.045352e-05 -5.999006e-01 -2.986132e-03 6.101873e-05 9.999955e-01 3.790589e+01
9.999925e-01 2.514536e-03 2.962671e-03 1.696851e-02 -2.513425e-03 9.999967e-01 -3.789502e-04 -6.238526e-01 -2.963614e-03 3.715016e-04 9.999955e-01 3.930156e+01
9.999824e-01 5.051551e-03 3.101410e-03 1.942949e-02 -5.049835e-03 9.999871e-01 -5.613031e-04 -6.437120e-01 -3.104205e-03 5.456323e-04 9.999950e-01 4.070437e+01
9.999692e-01 7.203652e-03 3.111047e-03 1.916344e-02 -7.203531e-03 9.999740e-01 -5.033623e-05 -6.707246e-01 -3.111328e-03 2.792485e-05 9.999952e-01 4.211100e+01
9.999615e-01 8.308311e-03 2.843621e-03 2.134431e-02 -8.308996e-03 9.999654e-01 2.285387e-04 -6.941320e-01 -2.841624e-03 -2.521567e-04 9.999959e-01 4.351858e+01
9.999707e-01 7.259716e-03 2.412259e-03 2.622364e-02 -7.259297e-03 9.999736e-01 -1.830541e-04 -7.178581e-01 -2.413524e-03 1.655381e-04 9.999971e-01 4.492821e+01
9.999779e-01 6.426238e-03 1.720933e-03 3.086036e-02 -6.424858e-03 9.999790e-01 -8.074730e-04 -7.390250e-01 -1.726085e-03 7.963989e-04 9.999982e-01 4.634127e+01
9.999829e-01 5.800169e-03 7.616191e-04 3.408031e-02 -5.800122e-03 9.999832e-01 -6.598169e-05 -7.610315e-01 -7.619887e-04 6.156377e-05 9.999997e-01 4.775704e+01
9.999819e-01 6.010565e-03 -2.411952e-04 3.359221e-02 -6.010374e-03 9.999816e-01 7.926521e-04 -7.839856e-01 2.459554e-04 -7.911873e-04 9.999997e-01 4.917963e+01
9.999771e-01 6.648910e-03 -1.303817e-03 3.175532e-02 -6.647540e-03 9.999773e-01 1.052800e-03 -8.056350e-01 1.310788e-03 -1.044108e-03 9.999986e-01 5.060218e+01
9.999749e-01 6.638251e-03 -2.479480e-03 2.895795e-02 -6.636601e-03 9.999777e-01 6.739965e-04 -8.265408e-01 2.483900e-03 -6.575234e-04 9.999967e-01 5.202831e+01
9.999699e-01 6.882776e-03 -3.588301e-03 2.536977e-02 -6.875797e-03 9.999744e-01 1.954123e-03 -8.453836e-01 3.601659e-03 -1.929391e-03 9.999917e-01 5.345716e+01
9.999753e-01 5.497092e-03 -4.387406e-03 2.082938e-02 -5.484306e-03 9.999807e-01 2.921095e-03 -8.668316e-01 4.403379e-03 -2.896960e-03 9.999861e-01 5.488464e+01
9.999794e-01 4.003115e-03 -5.028578e-03 1.680870e-02 -3.988904e-03 9.999880e-01 2.833038e-03 -8.868800e-01 5.039859e-03 -2.812920e-03 9.999834e-01 5.631660e+01
9.999825e-01 1.719377e-03 -5.654443e-03 1.322910e-02 -1.705846e-03 9.999956e-01 2.396848e-03 -9.072442e-01 5.658540e-03 -2.387160e-03 9.999812e-01 5.774550e+01
9.999835e-01 3.749396e-04 -5.730769e-03 1.007535e-02 -3.587007e-04 9.999959e-01 2.834406e-03 -9.249469e-01 5.731809e-03 -2.832302e-03 9.999796e-01 5.917365e+01
9.999856e-01 -8.364906e-04 -5.300789e-03 6.524255e-03 8.549023e-04 9.999936e-01 3.472042e-03 -9.446035e-01 5.297852e-03 -3.476522e-03 9.999799e-01 6.060318e+01
9.999862e-01 -1.858791e-03 -4.917931e-03 2.764210e-03 1.878972e-03 9.999898e-01 4.102186e-03 -9.647484e-01 4.910257e-03 -4.111369e-03 9.999795e-01 6.202795e+01
9.999827e-01 -3.792549e-03 -4.488790e-03 -1.308243e-03 3.809033e-03 9.999860e-01 3.669129e-03 -9.878100e-01 4.474812e-03 -3.686163e-03 9.999832e-01 6.345198e+01
9.999780e-01 -5.296196e-03 -4.008198e-03 -2.873604e-03 5.307526e-03 9.999819e-01 2.820928e-03 -1.008175e+00 3.993186e-03 -2.842138e-03 9.999880e-01 6.487187e+01
9.999807e-01 -5.220464e-03 -3.359595e-03 -5.953934e-03 5.228046e-03 9.999838e-01 2.251723e-03 -1.029700e+00 3.347786e-03 -2.269242e-03 9.999918e-01 6.628940e+01
9.999907e-01 -3.482462e-03 -2.553135e-03 -1.002031e-02 3.488378e-03 9.999912e-01 2.316104e-03 -1.050203e+00 2.545047e-03 -2.324987e-03 9.999941e-01 6.770311e+01
9.999977e-01 -6.481361e-04 -2.068772e-03 -1.936440e-02 6.556852e-04 9.999931e-01 3.650429e-03 -1.076075e+00 2.066392e-03 -3.651776e-03 9.999912e-01 6.911593e+01
9.999946e-01 3.012865e-03 -1.287971e-03 -2.702275e-02 -3.006442e-03 9.999832e-01 4.960905e-03 -1.097831e+00 1.302897e-03 -4.957004e-03 9.999869e-01 7.053000e+01
9.999777e-01 6.659933e-03 -5.287413e-04 -3.513442e-02 -6.656920e-03 9.999626e-01 5.510824e-03 -1.118231e+00 5.654236e-04 -5.507180e-03 9.999847e-01 7.193978e+01
9.999378e-01 1.115147e-02 1.358833e-04 -4.214650e-02 -1.115202e-02 9.999247e-01 5.112813e-03 -1.135987e+00 -7.885743e-05 -5.114008e-03 9.999869e-01 7.333986e+01
9.998986e-01 1.421691e-02 8.503240e-04 -4.677589e-02 -1.422070e-02 9.998882e-01 4.621051e-03 -1.153311e+00 -7.845315e-04 -4.632673e-03 9.999890e-01 7.474245e+01
9.998649e-01 1.636598e-02 1.544958e-03 -5.327678e-02 -1.637256e-02 9.998565e-01 4.344501e-03 -1.177226e+00 -1.473634e-03 -4.369207e-03 9.999894e-01 7.614450e+01
9.998598e-01 1.663766e-02 1.883621e-03 -5.458511e-02 -1.664595e-02 9.998514e-01 4.472345e-03 -1.197942e+00 -1.808931e-03 -4.503071e-03 9.999882e-01 7.754079e+01
9.998793e-01 1.540192e-02 2.040510e-03 -5.287325e-02 -1.541125e-02 9.998705e-01 4.635585e-03 -1.218035e+00 -1.968848e-03 -4.666470e-03 9.999872e-01 7.893496e+01
9.998967e-01 1.423630e-02 1.959369e-03 -4.954250e-02 -1.424345e-02 9.998917e-01 3.684603e-03 -1.236655e+00 -1.906701e-03 -3.712129e-03 9.999913e-01 8.032545e+01
9.999076e-01 1.348987e-02 1.677215e-03 -4.883212e-02 -1.349578e-02 9.999026e-01 3.560725e-03 -1.258287e+00 -1.629018e-03 -3.583030e-03 9.999923e-01 8.171095e+01
9.999074e-01 1.353416e-02 1.448463e-03 -4.838807e-02 -1.353963e-02 9.999010e-01 3.833191e-03 -1.278676e+00 -1.396440e-03 -3.852447e-03 9.999916e-01 8.309721e+01
9.999140e-01 1.308010e-02 9.085344e-04 -5.269073e-02 -1.308305e-02 9.999089e-01 3.317811e-03 -1.300031e+00 -8.650540e-04 -3.329411e-03 9.999941e-01 8.448367e+01
9.999097e-01 1.343478e-02 1.870473e-04 -6.072004e-02 -1.343539e-02 9.999029e-01 3.681202e-03 -1.320245e+00 -1.375727e-04 -3.683382e-03 9.999932e-01 8.586562e+01
9.999145e-01 1.305409e-02 -7.454492e-04 -7.518042e-02 -1.305069e-02 9.999051e-01 4.397269e-03 -1.343695e+00 8.027813e-04 -4.387163e-03 9.999901e-01 8.725015e+01
9.999385e-01 1.093064e-02 -1.877975e-03 -8.437620e-02 -1.092024e-02 9.999254e-01 5.458590e-03 -1.362982e+00 1.937501e-03 -5.437745e-03 9.999833e-01 8.862909e+01
9.999566e-01 8.790731e-03 -3.086647e-03 -9.813229e-02 -8.771544e-03 9.999424e-01 6.176185e-03 -1.382640e+00 3.140763e-03 -6.148840e-03 9.999762e-01 9.000634e+01
9.999700e-01 6.803260e-03 -3.711637e-03 -1.110475e-01 -6.779632e-03 9.999569e-01 6.342125e-03 -1.399781e+00 3.754624e-03 -6.316769e-03 9.999730e-01 9.137524e+01
9.999761e-01 5.509752e-03 -4.188780e-03 -1.283351e-01 -5.485989e-03 9.999689e-01 5.663659e-03 -1.418059e+00 4.219856e-03 -5.640542e-03 9.999752e-01 9.274128e+01
9.999809e-01 4.282217e-03 -4.468492e-03 -1.454603e-01 -4.259218e-03 9.999777e-01 5.143990e-03 -1.435964e+00 4.490421e-03 -5.124857e-03 9.999768e-01 9.410339e+01
9.999772e-01 4.941455e-03 -4.604768e-03 -1.697048e-01 -4.919521e-03 9.999765e-01 4.762664e-03 -1.456190e+00 4.628195e-03 -4.739901e-03 9.999781e-01 9.546076e+01
9.999787e-01 4.738575e-03 -4.487410e-03 -1.913409e-01 -4.720319e-03 9.999805e-01 4.070437e-03 -1.476213e+00 4.506611e-03 -4.049167e-03 9.999817e-01 9.681382e+01
9.999761e-01 5.462031e-03 -4.246260e-03 -2.120314e-01 -5.447632e-03 9.999794e-01 3.395396e-03 -1.496478e+00 4.264719e-03 -3.372181e-03 9.999852e-01 9.816545e+01
9.999676e-01 7.060840e-03 -3.876949e-03 -2.344056e-01 -7.047185e-03 9.999689e-01 3.524911e-03 -1.517683e+00 3.901718e-03 -3.497473e-03 9.999863e-01 9.951513e+01
9.999651e-01 7.529260e-03 -3.627207e-03 -2.485715e-01 -7.511447e-03 9.999598e-01 4.900143e-03 -1.534999e+00 3.663956e-03 -4.872725e-03 9.999814e-01 1.008603e+02
9.999550e-01 8.833811e-03 -3.458298e-03 -2.694021e-01 -8.811343e-03 9.999403e-01 6.459623e-03 -1.556018e+00 3.515155e-03 -6.428858e-03 9.999732e-01 1.022054e+02
9.999597e-01 8.302254e-03 -3.413289e-03 -2.867601e-01 -8.284616e-03 9.999524e-01 5.149958e-03 -1.575247e+00 3.455884e-03 -5.121471e-03 9.999809e-01 1.035459e+02
9.999610e-01 8.173871e-03 -3.338205e-03 -3.053256e-01 -8.165524e-03 9.999635e-01 2.507096e-03 -1.596046e+00 3.358576e-03 -2.479739e-03 9.999913e-01 1.048845e+02
9.999651e-01 7.633274e-03 -3.387356e-03 -3.153955e-01 -7.628806e-03 9.999700e-01 1.330447e-03 -1.613299e+00 3.397411e-03 -1.304558e-03 9.999934e-01 1.062208e+02
9.999796e-01 5.504928e-03 -3.239048e-03 -3.343086e-01 -5.496405e-03 9.999814e-01 2.634819e-03 -1.638432e+00 3.253493e-03 -2.616961e-03 9.999913e-01 1.075653e+02
9.999916e-01 3.142105e-03 -2.625883e-03 -3.508131e-01 -3.129622e-03 9.999838e-01 4.744784e-03 -1.661275e+00 2.640749e-03 -4.736525e-03 9.999853e-01 1.089064e+02
9.999973e-01 1.561465e-03 -1.709519e-03 -3.737761e-01 -1.552202e-03 9.999842e-01 5.406523e-03 -1.686739e+00 1.717934e-03 -5.403854e-03 9.999839e-01 1.102446e+02
9.999993e-01 6.761649e-04 -1.000188e-03 -3.943149e-01 -6.721988e-04 9.999919e-01 3.960469e-03 -1.710102e+00 1.002858e-03 -3.959792e-03 9.999917e-01 1.115766e+02
9.999966e-01 2.581200e-03 -3.337541e-04 -4.137129e-01 -2.580678e-03 9.999954e-01 1.556832e-03 -1.733997e+00 3.377714e-04 -1.555964e-03 9.999987e-01 1.129050e+02
9.999895e-01 4.532670e-03 7.482827e-04 -4.219683e-01 -4.532188e-03 9.999895e-01 -6.455749e-04 -1.753986e+00 -7.512008e-04 6.421774e-04 9.999995e-01 1.142286e+02
9.999690e-01 7.570197e-03 2.161282e-03 -4.295899e-01 -7.568322e-03 9.999710e-01 -8.754176e-04 -1.775004e+00 -2.167846e-03 8.590337e-04 9.999973e-01 1.155601e+02
9.999531e-01 8.996724e-03 3.596945e-03 -4.334779e-01 -9.001425e-03 9.999586e-01 1.292099e-03 -1.794230e+00 -3.585171e-03 -1.324415e-03 9.999927e-01 1.168930e+02
9.999479e-01 9.079888e-03 4.667313e-03 -4.334151e-01 -9.097321e-03 9.999516e-01 3.727156e-03 -1.811794e+00 -4.633246e-03 -3.769420e-03 9.999822e-01 1.182274e+02
9.999525e-01 8.077879e-03 5.449540e-03 -4.306137e-01 -8.102033e-03 9.999574e-01 4.424713e-03 -1.825847e+00 -5.413565e-03 -4.468654e-03 9.999754e-01 1.195613e+02
9.999422e-01 8.587162e-03 6.468939e-03 -4.334146e-01 -8.611020e-03 9.999562e-01 3.668979e-03 -1.846322e+00 -6.437149e-03 -3.724469e-03 9.999724e-01 1.209045e+02
9.999167e-01 1.035031e-02 7.709247e-03 -4.472932e-01 -1.037511e-02 9.999411e-01 3.183679e-03 -1.880929e+00 -7.675841e-03 -3.263396e-03 9.999652e-01 1.222684e+02
9.998842e-01 1.238024e-02 8.849720e-03 -4.560744e-01 -1.240543e-02 9.999191e-01 2.797299e-03 -1.910030e+00 -8.814373e-03 -2.906759e-03 9.999569e-01 1.236242e+02
9.998641e-01 1.313728e-02 9.963119e-03 -4.622549e-01 -1.315502e-02 9.999120e-01 1.716443e-03 -1.940325e+00 -9.939693e-03 -1.847274e-03 9.999489e-01 1.249835e+02
9.998377e-01 1.423201e-02 1.105094e-02 -4.641329e-01 -1.424547e-02 9.998979e-01 1.139845e-03 -1.966295e+00 -1.103359e-02 -1.297085e-03 9.999383e-01 1.263371e+02
9.998388e-01 1.339481e-02 1.195754e-02 -4.708495e-01 -1.340614e-02 9.999097e-01 8.676732e-04 -2.006026e+00 -1.194484e-02 -1.027837e-03 9.999281e-01 1.276925e+02
9.998362e-01 1.286455e-02 1.272995e-02 -4.718094e-01 -1.288658e-02 9.999156e-01 1.649653e-03 -2.038343e+00 -1.270765e-02 -1.813427e-03 9.999176e-01 1.290496e+02
9.998371e-01 1.188958e-02 1.357740e-02 -4.742800e-01 -1.193361e-02 9.999238e-01 3.166744e-03 -2.073189e+00 -1.353872e-02 -3.328255e-03 9.999028e-01 1.304070e+02
9.998441e-01 1.089170e-02 1.389623e-02 -4.701254e-01 -1.093766e-02 9.999349e-01 3.235384e-03 -2.099489e+00 -1.386008e-02 -3.386870e-03 9.998982e-01 1.317557e+02
9.998649e-01 8.812545e-03 1.387257e-02 -4.656937e-01 -8.863631e-03 9.999541e-01 3.625222e-03 -2.127702e+00 -1.383999e-02 -3.747692e-03 9.998972e-01 1.331097e+02
9.998827e-01 7.142773e-03 1.354834e-02 -4.651028e-01 -7.199653e-03 9.999654e-01 4.154062e-03 -2.162932e+00 -1.351820e-02 -4.251117e-03 9.998996e-01 1.344614e+02
9.998996e-01 5.636614e-03 1.300499e-02 -4.661197e-01 -5.686390e-03 9.999766e-01 3.793553e-03 -2.198388e+00 -1.298330e-02 -3.867122e-03 9.999082e-01 1.358146e+02
